674
832
734
297
633
47
862
1076
513
545
631
177
1392
907
1045
682
1070
25
1402
1365
148
1484
1488
179
33
545
749
1235
1253
586
100
1012
34
1168
44
647
296
1332
678
1395
FIM
321;0.0024;463
1141;0.0046;594
2639;0.00052;101
1745;0.0001;868
1512;0.00072;681
2321;0.0026;791
1283;0.00087;326
2378;0.0039;356
1882;0.0014;344
475;0.0047;645
1252;0.00074;112
1971;0.00092;944
1194;0.00099;213
2819;0.0032;129
1046;0.0075;38
2689;0.0021;79
2900;0.0059;619
853;0.0040;78
2493;0.0044;939
2611;0.00094;195
2607;0.0004;682
1200;0.0055;879
1244;0.00068;710
2484;0.00078;938
886;0.0001;849
1457;0.00093;994
722;0.0067;77
1255;0.0076;567
2996;0.0044;134
2448;0.0094;283
FIM
321;0.0024;463
1141;0.0046;594
2639;0.00052;101
1745;0.0001;868
1512;0.00072;681
2321;0.0026;791
1283;0.00087;326
2378;0.0039;356
1882;0.0014;344
475;0.0047;645
1252;0.00074;112
1971;0.00092;944
1194;0.00099;213
2819;0.0032;129
1046;0.0075;38
2689;0.0021;79
2900;0.0059;619
853;0.0040;78
2493;0.0044;939
2611;0.00094;195
2607;0.0004;682
1200;0.0055;879
1244;0.00068;710
2484;0.00078;938
886;0.0001;849
1457;0.00093;994
722;0.0067;77
1255;0.0076;567
2996;0.0044;134
2448;0.0094;283
FIM
